train_x_orig shape: (209, 64, 64, 3) 
train_y shape: (1, 209) 
test_x_orig shape: (50, 64, 64, 3) 
test_y shape :(1, 50) 
classes dtype|S7 classes shape :(2,) classes :[b'non-cat' b'cat']

train_x_orig shape: (209, 64, 64, 3) train_x_orig:[[[[ 17  31  56]
   [ 22  33  59]
   [ 25  35  62]
   ..., 
   [  1  28  57]
   [  1  26  56]
   [  1  22  51]]

  [[ 25  36  62]
   [ 28  38  64]
   [ 30  40  67]
   ..., 
   [  1  27  56]
   [  1  25  55]
   [  2  21  51]]

  [[ 32  40  67]
   [ 34  42  69]
   [ 35  42  70]
   ..., 
   [  1  25  55]
   [  0  24  54]
   [  1  21  51]]

  ..., 
  [[  0   0   0]
   [  0   0   0]
   [  0   0   0]
   ..., 
   [  0   0   0]
   [  0   0   0]
   [  0   0   0]]

  [[  0   0   0]
   [  0   0   0]
   [  0   0   0]
   ..., 
   [  0   0   0]
   [  0   0   0]
   [  0   0   0]]

  [[  0   0   0]
   [  0   0   0]
   [  0   0   0]
   ..., 
   [  0   0   0]
   [  0   0   0]
   [  0   0   0]]]


 [[[196 192 190]
   [193 186 182]
   [188 179 174]
   ..., 
   [ 90 142 200]
   [ 90 142 201]
   [ 90 142 201]]

  [[230 229 229]
   [204 199 197]
   [193 186 181]
   ..., 
   [ 91 143 201]
   [ 91 143 201]
   [ 91 143 201]]

  [[232 225 224]
   [235 234 234]
   [208 205 202]
   ..., 
   [ 91 144 202]
   [ 91 144 202]
   [ 92 144 202]]

  ..., 
  [[ 18  17  15]
   [ 14  14  13]
   [ 29  29  32]
   ..., 
   [ 83  81  81]
   [ 84  82  83]
   [ 82  81  82]]

  [[ 22  20  18]
   [ 16  15  14]
   [ 25  24  24]
   ..., 
   [ 82  80  80]
   [ 83  81  82]
   [ 82  81  81]]

  [[ 45  43  39]
   [ 61  59  54]
   [ 81  78  74]
   ..., 
   [ 83  82  81]
   [ 84  82  82]
   [ 82  80  81]]]


 [[[ 82  71  68]
   [ 89  83  83]
   [100  98 104]
   ..., 
   [131 132 137]
   [126 124 124]
   [105  97  95]]

  [[ 95  91  97]
   [104 104 113]
   [110 115 126]
   ..., 
   [135 134 135]
   [127 122 119]
   [111 105 103]]

  [[ 94  85  83]
   [ 97  89  90]
   [110 109 115]
   ..., 
   [136 134 131]
   [127 120 117]
   [116 108 104]]

  ..., 
  [[ 96 116 131]
   [ 97 115 130]
   [103 123 139]
   ..., 
   [152 155 157]
   [146 149 152]
   [130 133 134]]

  [[ 90 108 123]
   [ 92 108 121]
   [100 119 134]
   ..., 
   [150 152 155]
   [144 146 147]
   [134 135 134]]

  [[ 86 102 116]
   [ 87 103 115]
   [ 94 114 127]
   ..., 
   [154 156 160]
   [146 148 152]
   [138 141 142]]]


 ..., 
 [[[143 155 165]
   [184 190 198]
   [142 149 155]
   ..., 
   [ 99  92 102]
   [120  98 102]
   [100  84  95]]

  [[151 149 139]
   [173 179 185]
   [105 135 141]
   ..., 
   [ 91  87  99]
   [119  99 104]
   [120  95 101]]

  [[204 190 185]
   [180 185 195]
   [117 155 177]
   ..., 
   [ 96  88 101]
   [125 103 110]
   [120 100 110]]

  ..., 
  [[ 41  80 116]
   [ 41  80 116]
   [ 41  78 115]
   ..., 
   [ 63  75  98]
   [ 60  72  98]
   [ 60  70  96]]

  [[ 71  90 121]
   [ 73  91 123]
   [ 74  91 124]
   ..., 
   [ 79 101 142]
   [ 80 100 140]
   [ 82 101 139]]

  [[ 71  88 122]
   [ 73  92 128]
   [ 76  95 131]
   ..., 
   [ 81 106 150]
   [ 85 108 151]
   [ 85 107 149]]]


 [[[ 22  24  23]
   [ 23  25  24]
   [ 24  26  25]
   ..., 
   [ 24  29  25]
   [ 23  25  22]
   [ 20  22  21]]

  [[ 22  24  23]
   [ 23  25  24]
   [ 23  26  25]
   ..., 
   [ 22  28  23]
   [ 20  23  22]
   [ 19  21  21]]

  [[ 22  24  22]
   [ 23  25  24]
   [ 23  26  25]
   ..., 
   [ 23  27  23]
   [ 20  23  21]
   [ 18  20  19]]

  ..., 
  [[  8   5   0]
   [  9   6   1]
   [  9   6   1]
   ..., 
   [  4   5   0]
   [  5   4   0]
   [  4   5   0]]

  [[  7   5   0]
   [  8   5   1]
   [  9   6   1]
   ..., 
   [  4   5   0]
   [  4   5   0]
   [  4   5   0]]

  [[  7   5   0]
   [  8   5   0]
   [  9   6   1]
   ..., 
   [  4   5   0]
   [  4   5   0]
   [  4   5   0]]]


 [[[  8  28  53]
   [ 14  33  58]
   [ 19  35  61]
   ..., 
   [ 11  16  35]
   [ 10  16  35]
   [  9  14  32]]

  [[ 15  31  57]
   [ 15  32  58]
   [ 18  34  60]
   ..., 
   [ 13  17  35]
   [ 13  17  35]
   [ 13  16  35]]

  [[ 20  35  61]
   [ 19  33  59]
   [ 20  33  59]
   ..., 
   [ 16  17  35]
   [ 16  18  35]
   [ 15  17  35]]

  ..., 
  [[  0   0   0]
   [  0   0   0]
   [  0   0   0]
   ..., 
   [  0   0   0]
   [  0   0   0]
   [  0   0   0]]

  [[  0   0   0]
   [  0   0   0]
   [  0   0   0]
   ..., 
   [  0   0   0]
   [  0   0   0]
   [  0   0   0]]

  [[  0   0   0]
   [  0   0   0]
   [  0   0   0]
   ..., 
   [  0   0   0]
   [  0   0   0]
   [  0   0   0]]]]
train_y shape: (1, 209) train_y:[[0 0 1 0 0 0 0 1 0 0 0 1 0 1 1 0 0 0 0 1 0 0 0 0 1 1 0 1 0 1 0 0 0 0 0 0 0
  0 1 0 0 1 1 0 0 0 0 1 0 0 1 0 0 0 1 0 1 1 0 1 1 1 0 0 0 0 0 0 1 0 0 1 0 0
  0 0 0 0 0 0 0 0 0 1 1 0 0 0 1 0 0 0 1 1 1 0 0 1 0 0 0 0 1 0 1 0 1 1 1 1 1
  1 0 0 0 0 0 1 0 0 0 1 0 0 1 0 1 0 1 1 0 0 0 1 1 1 1 1 0 0 0 0 1 0 1 1 1 0
  1 1 0 0 0 1 0 0 1 0 0 0 0 0 1 0 1 0 1 0 0 1 1 1 0 0 1 1 0 1 0 1 0 0 0 0 0
  1 0 0 1 0 0 0 1 0 0 0 0 1 0 0 1 0 0 0 0 0 0 0 0]]
test_x_orig shape: (50, 64, 64, 3) test_x_orig:[[[[158 104  83]
   [161 106  85]
   [162 107  84]
   ..., 
   [170 120 100]
   [167 121 103]
   [172 127 109]]

  [[158 103  82]
   [160 104  82]
   [162 105  83]
   ..., 
   [169 118  99]
   [164 117  98]
   [168 121 104]]

  [[158 104  82]
   [161 105  82]
   [162 105  83]
   ..., 
   [173 123 102]
   [169 122 104]
   [168 122 104]]

  ..., 
  [[102  68  52]
   [ 44  31  23]
   [ 28  23  20]
   ..., 
   [163 118 102]
   [163 120 103]
   [166 121 105]]

  [[ 99  67  51]
   [ 38  28  22]
   [ 30  26  23]
   ..., 
   [161 117 100]
   [164 121 104]
   [168 123 106]]

  [[127  95  72]
   [ 39  29  22]
   [ 30  25  22]
   ..., 
   [165 122 105]
   [169 126 109]
   [173 128 110]]]


 [[[115 110 111]
   [137 129 129]
   [155 146 145]
   ..., 
   [159 156 157]
   [141 141 145]
   [121 122 127]]

  [[123 118 120]
   [143 136 136]
   [159 153 150]
   ..., 
   [167 164 165]
   [151 151 154]
   [130 133 137]]

  [[135 130 130]
   [150 145 141]
   [164 159 153]
   ..., 
   [173 174 172]
   [160 162 162]
   [141 144 148]]

  ..., 
  [[197 196 205]
   [208 209 214]
   [215 216 220]
   ..., 
   [222 224 229]
   [205 208 215]
   [185 189 197]]

  [[190 192 199]
   [203 205 210]
   [213 214 218]
   ..., 
   [217 220 225]
   [198 202 209]
   [178 182 191]]

  [[183 186 193]
   [197 199 205]
   [208 210 214]
   ..., 
   [212 215 220]
   [192 196 203]
   [171 176 186]]]


 [[[255 253 254]
   [255 253 254]
   [255 253 254]
   ..., 
   [197 178 118]
   [195 177 116]
   [192 176 115]]

  [[255 253 254]
   [255 253 254]
   [255 253 254]
   ..., 
   [197 178 120]
   [195 176 118]
   [193 174 118]]

  [[255 253 254]
   [255 253 254]
   [255 253 254]
   ..., 
   [197 177 121]
   [194 174 121]
   [190 171 122]]

  ..., 
  [[ 94  95  97]
   [102 104 108]
   [115 113 115]
   ..., 
   [ 68  67  91]
   [ 71  55  80]
   [ 64  51  82]]

  [[ 68  71  69]
   [ 75  79  80]
   [ 82  91  91]
   ..., 
   [122 103 109]
   [114  84  99]
   [ 97  72 100]]

  [[ 67  86  89]
   [ 62  83  90]
   [ 47  73  82]
   ..., 
   [147 120 125]
   [142 110 118]
   [133 101 121]]]


 ..., 
 [[[ 41  47  84]
   [ 72  78 112]
   [103 102 124]
   ..., 
   [125 112 119]
   [107 101 117]
   [ 76  79 109]]

  [[ 93  96 119]
   [112 109 124]
   [130 122 136]
   ..., 
   [141 121 118]
   [130 112 114]
   [122 109 117]]

  [[119 114 123]
   [133 124 128]
   [164 149 145]
   ..., 
   [187 160 135]
   [157 132 120]
   [136 115 109]]

  ..., 
  [[233 223 207]
   [235 226 218]
   [242 236 235]
   ..., 
   [164 170 196]
   [189 185 196]
   [190 182 188]]

  [[247 250 248]
   [236 238 232]
   [219 215 219]
   ..., 
   [118 101 117]
   [153 134 154]
   [174 146 156]]

  [[253 254 254]
   [246 250 249]
   [226 233 234]
   ..., 
   [154 111  93]
   [176 132 104]
   [183 141 116]]]


 [[[ 18  18  16]
   [ 35  36  31]
   [ 54  57  52]
   ..., 
   [138 140 118]
   [139 141 124]
   [130 129 114]]

  [[ 21  21  18]
   [ 44  45  39]
   [ 68  74  66]
   ..., 
   [128 131 109]
   [116 117  98]
   [ 95  93  76]]

  [[ 30  31  26]
   [ 54  58  52]
   [ 99 110 104]
   ..., 
   [127 129 108]
   [113 114  94]
   [ 99  99  82]]

  ..., 
  [[178 178 163]
   [161 163 146]
   [170 174 163]
   ..., 
   [112 108  85]
   [149 150 131]
   [180 185 172]]

  [[182 183 167]
   [172 175 162]
   [170 173 162]
   ..., 
   [ 88  90  77]
   [122 115  89]
   [157 154 131]]

  [[188 190 179]
   [173 175 163]
   [160 162 146]
   ..., 
   [ 48  50  44]
   [103 103  89]
   [144 137 108]]]


 [[[133 163  75]
   [ 98 120  44]
   [108 132  47]
   ..., 
   [ 96 138  97]
   [ 96 146 109]
   [ 81 132 101]]

  [[ 79 102  39]
   [ 83 112  33]
   [ 76 106  26]
   ..., 
   [ 99 149  76]
   [ 71 119  62]
   [ 58 106  72]]

  [[ 35  53  27]
   [ 54  74  46]
   [ 35  55  17]
   ..., 
   [110 157 122]
   [ 72 119  89]
   [ 81 131 108]]

  ..., 
  [[ 76 108  79]
   [ 70 110  83]
   [ 70 105  84]
   ..., 
   [ 25  49  21]
   [ 26  53  24]
   [ 27  54  28]]

  [[109 120  97]
   [ 86 116  86]
   [ 71 105  79]
   ..., 
   [ 17  46  20]
   [ 23  49  28]
   [ 19  33  18]]

  [[ 97 117 100]
   [ 70 108  75]
   [ 75  99  69]
   ..., 
   [  8  33  12]
   [ 13  35  18]
   [  5  22   5]]]]
test_y shape :(1, 50) test_y:[[1 1 1 1 1 0 1 1 1 1 1 1 1 0 0 1 0 1 1 1 1 0 0 1 1 1 1 0 1 0 1 1 1 1 0 0 0
  1 0 0 1 1 1 0 0 0 1 1 1 0]]
classes dtype|S7 classes shape :(2,) classes :[b'non-cat' b'cat']